6
1
3
10 4 10 18 0 -1
10 4 5 9 0 2
15 13 5 9 0 2
haar_x2_y2
3.590130e-002 0 -1
-7.841727e-001 4.176246e-001 
1
2
6 0 12 15 0 -1
6 5 12 5 0 3
haar_y3
-1.229905e-001 0 -1
4.082417e-001 -7.756186e-001 
1
2
1 1 4 15 0 -1
3 1 2 15 0 2
haar_x2
2.542653e-002 0 -1
-6.163098e-001 6.100580e-001 
1
2
11 6 2 8 0 -1
11 6 1 8 0 2
tilted_haar_x2
-6.584780e-003 0 -1
4.128859e-001 -7.872189e-001 
1
2
19 7 4 5 0 -1
20 7 2 5 0 2
haar_x4
6.103406e-003 0 -1
-4.772691e-001 6.639025e-001 
1
2
17 3 3 3 0 -1
17 4 3 1 0 3
haar_y3
1.100852e-003 0 -1
-5.463073e-001 6.269804e-001 
-4.354969e-001

8
-1
