9
1
2
17 7 2 6 0 -1
17 10 2 3 0 2
haar_y2
3.142683e-003 0 -1
-9.898990e-001 9.702973e-001 
1
2
4 6 3 15 0 -1
5 11 1 5 0 9
haar_point
4.694851e-003 0 -1
-1.000000e+000 1.000000e+000 
1
2
0 0 2 1 0 -1
1 0 1 1 0 2
haar_x2
0.000000e+000 0 -1
0.000000e+000 -1.000000e+000 
1
2
1 1 5 21 0 -1
1 8 5 7 0 3
haar_y3
4.717071e-004 0 -1
-1.000000e+000 1.000002e+000 
1
2
0 0 2 1 0 -1
1 0 1 1 0 2
haar_x2
0.000000e+000 0 -1
0.000000e+000 -1.000000e+000 
1
2
1 0 6 18 0 -1
1 9 6 9 0 2
haar_y2
3.098708e-003 0 -1
-1.000000e+000 1.000000e+000 
1
2
0 0 2 1 0 -1
1 0 1 1 0 2
haar_x2
0.000000e+000 0 -1
0.000000e+000 -1.000000e+000 
1
2
0 0 18 6 0 -1
0 3 18 3 0 2
haar_y2
-6.060069e-005 0 -1
1.000000e+000 -1.000000e+000 
1
2
17 5 4 3 0 -1
18 6 2 3 0 2
tilted_haar_x4
-1.976627e-003 0 -1
1.000000e+000 -1.000001e+000 
9.702992e-001

3
-1
