5
1
2
0 1 4 18 0 -1
1 1 2 18 0 2
haar_x4
-1.221263e-002 0 -1
7.766498e-001 -7.536947e-001 
1
2
14 3 8 2 0 -1
16 5 4 2 0 2
tilted_haar_x4
-2.387604e-002 0 -1
6.941262e-001 -8.401704e-001 
1
3
12 6 4 16 0 -1
12 6 2 8 0 2
14 14 2 8 0 2
haar_x2_y2
5.667689e-003 0 -1
-8.686769e-001 4.659472e-001 
1
2
19 0 4 5 0 -1
21 0 2 5 0 2
haar_x2
-9.916268e-003 0 -1
7.277684e-001 -6.307235e-001 
1
2
7 7 13 4 0 -1
7 9 13 2 0 2
haar_y2
2.331199e-002 0 -1
-8.466918e-001 5.240768e-001 
-1.234565e+000

4
-1
