6
1
2
0 1 4 20 0 -1
1 1 2 20 0 2
haar_x4
-1.924954e-002 0 -1
6.717950e-001 -6.390245e-001 
1
2
5 6 5 4 0 -1
4 7 5 2 0 2
tilted_haar_y4
9.275252e-003 0 -1
-7.874451e-001 5.845823e-001 
1
3
14 0 8 8 0 -1
14 0 4 4 0 2
18 4 4 4 0 2
haar_x2_y2
2.579016e-002 0 -1
-6.640889e-001 6.936198e-001 
1
2
12 8 6 8 0 -1
12 10 6 4 0 2
haar_y4
1.329155e-002 0 -1
-9.236315e-001 4.497077e-001 
1
2
12 2 1 20 0 -1
12 12 1 10 0 2
haar_y2
-1.108197e-003 0 -1
3.824655e-001 -9.283567e-001 
1
3
1 0 10 10 0 -1
1 0 5 5 0 2
6 5 5 5 0 2
haar_x2_y2
-4.020911e-002 0 -1
5.047865e-001 -7.985300e-001 
-7.549107e-001

6
-1
