5
1
3
6 18 4 6 0 -1
6 18 2 3 0 2
8 21 2 3 0 2
haar_x2_y2
2.150303e-003 0 -1
-6.904762e-001 5.000002e-001 
1
2
5 5 15 5 0 -1
10 5 5 5 0 3
haar_x3
3.738385e-002 0 -1
-9.594323e-001 3.220793e-001 
1
2
1 2 8 1 0 -1
5 2 4 1 0 2
haar_x2
6.176991e-003 0 -1
-7.924848e-001 5.382686e-001 
1
2
21 11 2 10 0 -1
21 11 2 5 0 2
tilted_haar_y2
1.768901e-002 0 -1
-9.053955e-001 4.379376e-001 
1
2
3 10 11 3 0 -1
2 11 11 1 0 3
tilted_haar_y3
-3.102807e-003 0 -1
4.842040e-001 -8.922313e-001 
-4.372788e-001

9
-1
